name: mlflow-4446b51d68aef10bd4740188070e883d47d0852b
channels:
  - conda-forge
  - defaults
dependencies:
  - _libgcc_mutex=0.1=conda_forge
  - _openmp_mutex=4.5=2_gnu
  - abseil-cpp=20210324.2=h9c3ff4c_0
  - arrow-cpp=2.0.0=py38hdfa91af_55_cpu
  - aws-c-auth=0.6.5=h00e28c2_5
  - aws-c-cal=0.5.12=h8c99da7_6
  - aws-c-common=0.6.16=h7f98852_0
  - aws-c-compression=0.2.14=h4f5cfdb_6
  - aws-c-event-stream=0.2.7=hedd7935_30
  - aws-c-http=0.6.10=he2927c9_1
  - aws-c-io=0.10.13=h4e1a65d_2
  - aws-c-mqtt=0.7.8=h1e34fcd_9
  - aws-c-s3=0.1.27=hbe77d09_8
  - aws-c-sdkutils=0.1.1=h4f5cfdb_3
  - aws-checksums=0.1.12=h4f5cfdb_5
  - aws-crt-cpp=0.17.4=ha10c5ac_2
  - aws-sdk-cpp=1.9.140=h94f6c54_1
  - bzip2=1.0.8=hd590300_5
  - c-ares=1.28.1=hd590300_0
  - ca-certificates=2024.2.2=hbcca054_0
  - gflags=2.2.2=he1b5a44_1004
  - glog=0.5.0=h48cff8f_0
  - grpc-cpp=1.41.1=h75e9d12_2
  - keyutils=1.6.1=h166bdaf_0
  - krb5=1.20.1=hf9c8cef_0
  - ld_impl_linux-64=2.40=h55db66e_0
  - libblas=3.9.0=22_linux64_openblas
  - libbrotlicommon=1.0.9=h166bdaf_9
  - libbrotlidec=1.0.9=h166bdaf_9
  - libbrotlienc=1.0.9=h166bdaf_9
  - libcblas=3.9.0=22_linux64_openblas
  - libcurl=7.87.0=h6312ad2_0
  - libedit=3.1.20191231=he28a2e2_2
  - libev=4.33=hd590300_2
  - libevent=2.1.10=h9b69904_4
  - libffi=3.4.2=h7f98852_5
  - libgcc-ng=13.2.0=hc881cc4_6
  - libgfortran-ng=13.2.0=h69a702a_6
  - libgfortran5=13.2.0=h43f5ff8_6
  - libgomp=13.2.0=hc881cc4_6
  - liblapack=3.9.0=22_linux64_openblas
  - libnghttp2=1.51.0=hdcd2b5c_0
  - libnsl=2.0.1=hd590300_0
  - libopenblas=0.3.27=pthreads_h413a1c8_0
  - libprotobuf=3.18.3=h6239696_0
  - libsqlite=3.45.3=h2797004_0
  - libssh2=1.10.0=haa6b8db_3
  - libstdcxx-ng=13.2.0=h95c4c6d_6
  - libthrift=0.15.0=he6d91bd_1
  - libutf8proc=2.8.0=h166bdaf_0
  - libuuid=2.38.1=h0b41bf4_0
  - libzlib=1.2.13=hd590300_5
  - lz4-c=1.9.3=h9c3ff4c_1
  - ncurses=6.4.20240210=h59595ed_0
  - numpy=1.19.5=py38h8246c76_3
  - openssl=1.1.1w=hd590300_0
  - orc=1.7.1=h68e2c4e_0
  - pandas=1.2.3=py38h51da96c_0
  - parquet-cpp=1.5.1=2
  - pip=20.3.3=pyhd8ed1ab_0
  - pyarrow=2.0.0=py38he7e5f7d_55_cpu
  - python=3.8.15=h257c98d_0_cpython
  - python-dateutil=2.9.0=pyhd8ed1ab_0
  - python_abi=3.8=4_cp38
  - pytz=2024.1=pyhd8ed1ab_0
  - re2=2021.11.01=h9c3ff4c_0
  - readline=8.2=h8228510_1
  - s2n=1.2.0=h9b69904_0
  - setuptools=59.8.0=py38h578d9bd_1
  - six=1.16.0=pyh6c4a22f_0
  - snappy=1.1.10=hdb0a2a9_1
  - tk=8.6.13=noxft_h4845f30_101
  - wheel=0.43.0=pyhd8ed1ab_1
  - xz=5.2.6=h166bdaf_0
  - zlib=1.2.13=hd590300_5
  - zstd=1.5.5=hfc55251_0
  - pip:
      - certifi==2024.2.2
      - charset-normalizer==3.3.2
      - click==8.1.7
      - docker-pycreds==0.4.0
      - gitdb==4.0.11
      - gitpython==3.1.43
      - idna==3.7
      - pathtools==0.1.2
      - promise==2.3
      - protobuf==3.20.3
      - psutil==5.9.8
      - pyyaml==6.0.1
      - requests==2.31.0
      - sentry-sdk==2.0.1
      - setproctitle==1.3.3
      - shortuuid==1.0.13
      - smmap==5.0.1
      - urllib3==2.2.1
      - wandb==0.12.17
prefix: /home/lneillwgu/miniconda3/envs/mlflow-4446b51d68aef10bd4740188070e883d47d0852b
